176
113 999
868 222 774
245 365 281 989
534 108 656 34 500
109 809 71 531 609 891
34 642 238 638 498 310 690
413 703 113 97 915 577 605 637
764 234 398 316 242 154 238 912 248
741 575 33 689 299 447 207 189 645 621
596 126 656 582 6 8 438 536 864 34 356
577 717 131 225 31 707 589 311 695 375 557 331
138 300 488 398 780 54 266 880 40 204 730 158 954
789 593 461 439 229 759 179 809 257 429 43 879 615 407
142 786 842 692 726 936 734 300 462 628 118 338 344 526 562
747 51 581 431 51 865 33 365 443 491 843 661 957 785 233 217
414 762 888 322 590 392 356 778 818 186 264 368 626 748 592 738 222
333 819 113 1 175 3 675 891 885 773 31 151 363 93 141 425 369 57
618 356 88 234 850 74 368 452 182 74 700 852 678 732 54 62 22 814 688
597 181 273 631 349 621 773 957 995 67 419 385 83 707 65 57 959 97 521 999
954 896 116 566 536 354 298 572 360 602 624 96 322 914 436 936 112 634 598 858 726
597 591 831 9 605 391 595 183 47 389 245 951 599 303 713 183 61 281 501 635 685 695
516 98 614 668 36 688 58 884 832 172 480 986 424 588 954 904 772 100 496 176 118 120 762
11 617 719 141 945 883 715 829 723 295 193 845 145 851 789 473 277 335 779 83 821 789 299 753
968 450 894 940 166 452 780 900 516 886 628 80 46 94 206 250 30 414 118 594 412 320 904 978 400
573 819 123 43 245 39 663 307 611 89 759 391 285 693 53 677 445 283 263 755 651 341 207 257 233 675
982 938 362 568 266 282 136 512 732 776 430 146 322 86 744 378 400 332 796 994 412 164 490 148 200 64 632
53 411 505 859 431 757 267 179 181 703 243 689 201 385 377 903 923 729 745 321 967 417 53 197 513 153 191 963
340 170 230 804 882 276 708 438 382 346 198 878 48 676 712 64 232 750 164 36 50 488 352 326 844 138 926 340 226
559 563 697 375 231 183 593 589 517 9 351 647 723 525 237 701 489 11 47 905 509 291 709 127 493 855 911 875 651 945
988 542 544 422 8 338 894 474 594 328 208 726 988 352 822 524 46 78 452 716 354 12 746 704 424 488 690 738 58 284 880
203 761 889 191 721 827 261 771 443 569 581 717 723 303 83 863 833 21 967 881 379 377 821 329 829 579 243 533 703 429 899 373
300 916 240 572 836 564 702 556 706 78 140 508 236 254 496 200 452 478 656 494 726 742 844 864 352 94 760 814 300 462 64 930 76
257 907 817 323 409 887 349 101 717 77 357 33 757 331 493 171 181 823 733 587 623 317 535 545 513 985 177 261 97 337 121 245 823 33
564 48 486 168 674 232 74 454 246 222 448 150 940 392 740 766 832 46 694 114 492 84 128 598 900 908 994 882 842 10 572 340 138 320 468
237 343 115 121 51 479 921 623 969 961 907 329 793 371 265 415 281 637 349 721 947 561 401 985 739 217 499 817 283 321 891 195 397 805 549 153
184 248 432 768 640 766 932 144 630 354 316 550 760 436 54 316 654 858 308 604 778 448 872 496 522 480 840 690 276 336 116 632 676 586 784 870 992
101 743 883 333 373 319 449 295 103 75 997 3 7 525 749 105 79 949 979 13 245 249 171 425 81 805 641 417 869 881 257 941 407 799 321 369 607 927
892 96 956 204 504 440 836 426 24 306 532 222 542 558 928 966 206 748 838 840 890 140 864 120 136 816 432 414 474 432 460 108 62 58 962 72 482 428 96
419 581 253 61 251 47 945 693 387 339 579 437 127 319 179 479 259 189 629 775 997 25 789 303 35 757 341 775 391 541 199 849 929 593 435 205 801 229 809 1
928 120 648 824 378 158 926 502 922 460 354 984 542 528 966 720 202 110 718 446 418 72 376 746 6 294 332 772 676 324 724 840 130 274 598 84 636 412 120 634 12
907 907 437 507 135 917 541 351 747 651 793 893 539 301 919 217 403 737 151 683 297 357 95 507 751 709 427 617 969 517 903 629 191 631 597 835 111 597 321 183 43 563
794 858 454 706 792 566 436 178 72 878 870 120 144 908 376 212 176 952 882 902 804 818 884 864 916 988 754 472 992 330 538 156 276 316 68 920 326 680 492 456 552 196 670
937 411 591 593 189 47 389 697 961 465 917 551 63 683 279 807 745 819 679 127 21 519 63 353 49 103 153 251 859 607 817 127 741 705 579 759 903 599 665 399 489 357 873 15
30 298 650 318 78 2 608 280 380 632 576 932 314 368 370 250 484 538 676 598 950 696 774 826 720 800 338 386 586 976 702 4 282 972 558 516 828 518 272 888 742 884 430 192 416
373 213 199 363 273 781 803 387 317 801 997 529 449 643 449 767 219 309 631 253 773 385 153 555 737 535 801 501 557 521 445 365 59 11 985 581 555 585 79 903 695 205 443 465 117 727
948 436 256 874 518 672 218 660 828 932 258 632 120 688 644 812 648 12 490 810 614 30 728 356 578 40 224 184 138 596 142 772 108 960 530 880 456 430 326 492 430 786 30 474 18 748 836
5 525 109 25 681 9 953 171 419 895 491 515 813 833 371 321 967 603 929 805 711 349 469 763 143 441 173 599 853 487 117 507 593 211 431 213 973 11 581 645 293 259 687 307 23 373 373 383
264 854 250 460 764 10 718 374 498 590 192 132 860 60 560 656 746 220 838 900 236 322 336 888 284 540 314 808 432 242 512 600 40 564 414 424 880 592 326 724 688 386 650 978 326 728 862 228 712
659 27 259 77 353 915 773 19 725 251 815 695 731 433 721 877 577 633 359 765 553 295 277 383 805 995 407 683 279 95 329 211 195 381 7 617 457 747 137 781 439 663 881 395 443 99 923 63 39 559
696 656 914 270 232 570 860 334 264 724 936 104 142 314 104 548 264 16 772 264 694 878 346 58 40 802 596 820 222 724 858 592 260 658 626 570 190 882 58 918 398 130 940 134 952 172 152 170 978 526 48
335 707 693 105 63 959 243 131 717 459 547 769 601 39 793 903 785 53 955 131 19 651 13 351 869 889 757 607 641 717 335 739 885 447 297 789 433 221 197 721 337 949 785 789 591 187 451 591 853 881 127 903
320 650 788 996 570 496 954 196 762 868 344 964 988 362 278 958 302 48 64 396 800 656 160 388 534 736 412 826 398 114 704 66 826 396 940 538 252 360 166 924 134 966 34 970 28 744 514 996 468 854 950 330 604
333 811 787 379 393 617 313 729 943 169 637 703 285 891 855 395 257 461 1 289 19 697 129 837 993 161 765 991 785 791 131 873 29 45 279 547 879 629 685 101 371 901 397 19 581 683 887 611 831 581 161 237 871 601
990 962 414 708 734 96 336 312 616 376 374 194 798 126 222 142 160 480 456 770 506 590 850 882 274 848 90 404 756 486 382 606 228 702 312 204 574 326 122 190 906 454 38 768 286 370 976 736 584 410 234 630 210 160 192
961 153 887 153 209 705 941 815 375 165 33 341 815 793 367 505 699 401 141 367 767 233 637 285 99 849 597 275 873 237 89 399 595 383 453 953 49 429 409 219 943 769 89 769 831 423 679 199 853 953 943 167 369 227 99 911
772 242 718 456 700 642 568 648 764 56 456 426 332 458 528 590 266 960 384 782 28 894 556 326 26 524 114 210 700 292 548 880 700 838 712 746 912 162 476 130 266 12 4 768 848 930 566 668 328 56 614 410 446 662 848 766 250
733 891 27 689 519 943 671 699 397 819 163 555 55 3 297 647 995 777 31 935 507 739 629 813 733 741 283 55 717 835 941 477 31 703 963 111 419 869 845 207 241 563 365 941 687 39 113 729 447 993 789 739 341 209 819 629 513 433
666 904 424 756 942 396 566 774 580 836 24 582 410 600 820 378 972 840 278 116 442 92 290 904 376 946 684 754 204 642 424 496 746 204 964 262 890 464 40 582 642 698 678 34 654 136 624 214 792 646 656 854 66 388 352 132 700 412 424
395 427 981 165 61 387 965 713 463 435 225 85 293 505 675 219 579 977 621 589 111 229 811 571 925 457 111 237 265 765 95 839 983 19 925 477 841 97 65 517 841 231 887 555 831 731 955 873 721 577 813 127 693 127 861 745 173 147 9 55
84 544 190 210 434 884 380 348 926 44 804 316 760 884 222 986 782 256 704 118 278 866 938 746 904 188 702 130 718 688 250 768 382 950 634 988 102 500 926 434 526 598 284 10 956 116 786 34 658 978 790 616 86 672 448 374 932 296 682 102 366
159 713 669 693 109 697 901 541 221 317 259 507 737 527 173 791 579 869 895 519 771 607 593 215 109 295 727 935 859 481 947 671 609 853 171 135 193 885 165 577 339 169 27 853 609 667 289 869 551 57 485 481 763 409 771 283 143 641 597 307 439 113
646 36 424 854 762 726 846 882 896 228 138 294 46 880 336 650 976 362 16 858 762 788 36 100 916 970 572 966 96 838 14 406 808 972 348 750 484 624 118 858 780 6 76 838 948 70 684 524 836 480 816 276 350 362 238 348 656 400 320 868 960 72 712
623 651 795 463 711 523 575 493 209 139 685 161 681 261 229 765 33 379 179 185 953 467 863 897 391 795 931 981 3 187 397 737 845 115 801 539 657 905 397 77 845 713 839 427 867 91 415 593 253 761 471 787 449 353 117 821 919 315 49 87 143 467 171 1
890 334 800 652 348 552 2 650 64 390 620 796 68 750 172 652 744 346 226 180 366 808 752 196 658 932 140 20 344 542 840 258 44 430 52 504 804 320 216 912 358 152 750 54 242 674 414 160 474 498 526 92 62 708 128 700 932 184 654 282 204 278 650 974 930
535 287 459 443 291 559 739 925 79 733 473 133 169 579 943 133 517 175 537 343 685 761 815 287 439 189 215 863 571 33 759 403 437 635 13 615 793 825 735 451 651 17 125 145 593 963 713 373 733 135 127 531 749 833 575 479 985 871 719 125 311 297 793 257 193 935
830 986 486 570 304 726 336 416 416 918 222 86 506 738 640 428 96 168 752 118 124 942 426 926 992 664 808 642 654 586 898 896 748 882 212 416 124 798 726 218 548 356 178 514 74 774 890 704 376 60 326 290 784 540 866 498 114 368 674 198 214 390 414 746 14 168 12
231 851 533 155 151 777 841 263 547 805 91 543 515 133 353 717 869 141 139 905 465 455 273 551 451 871 959 851 635 561 495 839 575 467 51 859 149 9 411 549 979 891 791 73 517 729 33 159 929 373 425 575 549 373 683 807 361 69 571 419 939 965 431 285 661 961 417 107
858 934 494 608 68 554 334 328 674 90 434 714 302 210 468 722 90 158 210 114 238 822 730 478 324 402 392 278 70 686 916 16 164 244 170 120 632 232 404 346 254 408 854 428 528 720 468 386 308 94 732 994 770 320 786 292 546 992 52 842 858 56 912 764 638 832 290 414 478
167 259 865 439 475 311 151 903 701 873 203 533 397 301 653 713 615 139 465 857 365 797 595 473 289 707 929 417 59 169 251 511 997 475 83 997 385 593 857 697 81 725 581 133 357 191 345 173 517 269 743 977 825 967 941 673 101 273 603 487 329 571 929 511 865 115 215 593 213 591
340 114 188 958 240 730 952 592 520 780 750 30 940 172 48 852 510 366 462 252 82 534 226 52 22 20 464 544 358 942 644 172 154 110 940 696 496 388 662 300 510 818 8 118 520 112 996 190 886 600 294 630 66 54 40 394 32 96 36 798 276 700 306 828 788 452 256 134 948 36 334
871 365 997 675 507 573 945 7 199 579 355 759 639 581 663 93 705 951 247 757 345 101 389 897 757 799 981 215 755 109 207 755 125 335 339 239 189 859 495 209 755 959 833 825 157 843 441 23 181 55 559 781 921 593 517 317 467 613 479 135 165 627 495 839 641 55 745 973 993 831 309 839
962 384 858 464 666 690 876 64 884 82 952 732 554 180 412 430 64 566 146 338 42 442 456 422 368 978 56 260 586 344 878 276 230 434 712 740 870 538 22 68 842 364 576 356 876 526 380 166 226 16 620 266 664 564 862 502 348 368 552 356 64 300 842 988 216 588 310 450 330 220 390 734 638
265 203 49 685 721 587 513 133 863 223 333 619 139 843 483 385 31 169 711 323 107 551 281 505 961 495 633 365 437 331 601 451 737 127 943 971 419 651 153 457 827 343 947 771 253 429 243 121 197 311 337 945 623 215 179 899 909 483 151 169 789 373 701 413 285 261 161 205 605 463 995 923 189 797
156 714 514 358 502 894 80 42 156 774 20 984 416 546 564 416 748 660 514 574 352 982 258 182 126 300 664 294 38 674 784 452 404 782 896 744 158 440 944 314 630 838 634 890 154 556 276 216 12 708 964 560 356 370 304 382 620 452 132 984 214 6 418 552 618 316 452 242 16 370 330 696 890 256 344
203 205 513 595 559 493 579 577 761 131 555 463 485 305 415 367 83 907 691 737 95 45 801 905 59 823 255 807 323 809 463 405 583 147 467 477 585 81 913 837 667 173 517 847 873 819 169 103 161 765 275 585 275 689 9 425 405 679 425 831 479 21 589 131 415 685 35 701 1 357 89 977 493 329 799 291
414 490 524 576 48 666 210 724 788 380 902 26 692 298 318 924 8 886 510 126 894 890 336 30 826 76 570 910 188 60 550 750 12 66 658 214 662 164 396 2 392 226 160 378 118 352 338 466 270 844 574 340 668 524 56 808 784 496 570 754 180 612 340 990 516 640 286 382 764 328 264 764 402 322 318 102 178
299 245 51 19 767 153 199 185 661 539 737 213 427 21 663 337 353 323 755 551 295 239 813 479 13 167 745 565 757 841 689 891 81 891 497 295 199 945 157 183 201 261 943 945 757 997 917 825 589 403 159 295 521 35 237 661 237 489 631 805 17 739 297 655 573 501 787 857 455 475 759 395 5 97 697 101 353 729
500 898 846 148 826 706 784 410 6 164 728 434 128 806 912 88 274 936 162 956 30 316 900 84 510 432 792 766 432 590 410 978 322 874 592 958 50 134 546 590 72 656 910 164 504 338 622 548 386 658 100 754 472 686 820 306 532 868 652 698 280 506 674 972 632 54 956 186 600 736 366 232 314 224 888 696 168 8 608
907 467 7 715 899 911 93 1 789 363 241 451 947 625 305 773 269 297 629 225 467 887 947 491 75 633 649 119 893 455 495 383 59 503 93 441 745 885 59 935 557 293 919 593 641 557 991 843 655 983 729 259 671 345 193 501 427 213 633 613 199 591 831 431 135 753 919 457 571 99 387 591 791 597 923 103 335 645 65 471
40 342 236 738 254 818 910 64 292 596 608 294 318 100 204 972 40 636 834 558 602 378 714 222 828 418 134 772 728 464 878 546 68 600 908 910 264 216 732 960 118 222 218 894 716 490 40 470 70 530 394 224 210 610 718 870 556 768 84 246 792 76 548 934 340 408 338 736 12 334 200 446 222 64 402 444 686 540 462 32 72
977 411 591 791 449 933 769 971 239 593 273 149 159 647 31 9 71 415 511 693 459 605 973 827 653 563 607 153 897 973 479 811 253 853 721 937 559 425 45 865 765 325 85 423 173 831 895 391 721 761 37 49 727 205 713 533 727 271 247 283 65 107 901 663 987 653 871 657 791 687 429 375 269 993 529 183 801 147 409 479 947 789
740 306 92 412 948 744 66 896 580 578 90 186 920 424 304 538 662 902 400 388 512 32 804 876 212 904 554 382 474 314 498 902 766 432 352 694 332 644 444 266 678 620 392 964 868 86 346 780 588 908 762 212 654 622 74 856 886 708 356 684 222 800 784 106 146 938 898 448 6 394 580 274 458 124 470 536 612 910 402 44 158 540 636
657 63 655 783 625 943 463 99 331 209 387 201 533 681 687 461 351 571 743 801 61 197 335 727 455 129 663 215 295 457 837 87 363 937 483 89 831 425 135 413 509 473 497 79 423 25 247 623 905 531 769 759 515 43 245 961 41 61 107 625 881 837 257 451 143 119 913 237 57 963 425 925 711 531 993 157 229 211 341 399 167 785 869 397
130 8 904 838 636 40 238 650 136 780 514 70 882 178 960 500 384 426 966 28 630 306 674 726 160 454 280 618 936 824 406 70 38 320 726 878 136 692 220 54 914 424 934 172 234 452 946 676 978 164 580 796 590 2 588 298 538 184 790 930 600 486 848 460 818 106 654 228 660 632 816 646 580 830 682 382 226 32 544 66 482 670 458 128 326
735 69 269 679 629 623 769 335 105 37 627 43 617 57 329 297 729 683 463 213 3 59 309 25 543 927 991 423 571 33 147 159 21 293 291 333 603 161 161 269 373 259 65 471 725 697 449 981 181 103 919 767 197 253 465 737 877 947 327 103 521 89 33 735 607 409 761 121 383 155 695 109 683 559 811 261 229 569 461 677 149 853 203 731 485 411
392 104 126 86 582 84 970 732 488 234 492 828 360 256 662 986 24 122 584 880 176 330 516 138 38 444 852 690 134 140 394 344 212 38 478 152 548 180 546 842 650 996 302 700 672 794 564 740 326 536 700 350 668 284 102 782 238 404 484 144 92 746 684 586 628 582 582 550 632 574 912 654 848 494 782 740 722 424 778 744 488 528 912 236 854 534 518
281 227 691 991 291 913 15 3 933 853 965 581 483 229 733 295 973 325 575 47 481 851 601 667 911 287 223 785 765 425 879 933 933 571 443 369 9 15 751 845 35 941 9 947 653 143 945 185 273 651 309 819 215 893 129 897 345 459 461 217 339 793 641 425 735 537 189 485 51 443 799 649 49 599 725 765 421 997 971 957 361 157 501 897 255 923 93 445
632 478 620 26 724 442 320 590 510 278 396 146 52 42 936 354 76 774 550 866 548 202 414 524 428 36 384 250 442 354 240 204 436 728 672 546 724 646 70 754 110 858 498 634 820 420 156 626 134 840 36 756 674 48 530 604 638 372 816 600 326 442 576 326 870 106 126 286 412 34 814 88 412 328 652 62 262 4 354 590 814 372 206 432 436 686 62 42 354
165 707 533 45 885 307 745 441 397 129 597 259 105 879 303 491 825 537 107 273 123 515 619 899 615 749 905 623 189 183 645 137 927 173 919 847 29 325 365 403 211 651 349 109 507 627 985 599 233 59 337 279 649 629 435 557 433 891 409 497 467 571 345 223 697 151 621 791 833 977 239 307 415 291 729 849 177 429 81 283 115 975 887 655 57 141 857 457 171 191
52 54 98 580 46 456 312 846 676 574 90 442 182 520 274 590 924 834 558 208 12 420 114 182 222 18 552 778 664 770 752 928 734 752 256 884 170 854 280 368 436 254 146 910 698 68 430 370 716 112 134 778 432 18 304 506 390 56 188 178 212 380 316 442 658 304 222 892 998 10 456 930 122 500 492 996 704 736 840 990 320 988 64 146 308 678 702 402 322 168 756
449 321 27 935 307 117 485 53 279 679 941 359 217 253 811 99 309 15 415 673 743 957 1 561 683 261 657 439 609 197 525 339 293 31 289 519 437 147 129 769 991 411 811 429 975 183 339 613 271 441 695 169 85 515 861 463 505 743 783 697 927 95 515 565 351 135 193 741 181 515 499 473 241 515 461 697 731 711 641 227 519 755 561 975 245 773 25 343 271 839 259 633
250 482 342 212 996 744 840 548 780 100 672 826 850 718 388 814 626 304 494 432 570 386 110 884 888 702 40 476 800 140 580 134 484 486 378 824 564 970 94 174 256 894 64 716 156 14 940 338 826 766 456 948 546 958 452 690 582 122 614 212 90 906 592 328 448 308 56 870 170 546 216 60 250 90 644 878 170 102 380 494 602 282 916 4 772 682 252 254 422 748 782 546 836
55 683 645 279 199 953 265 299 867 983 393 779 687 899 421 837 681 531 125 755 761 831 517 95 937 853 647 291 685 305 857 851 133 441 503 909 335 213 161 409 679 631 855 785 455 857 563 857 797 287 259 851 995 511 967 659 483 103 519 403 275 601 613 657 421 359 179 465 331 967 373 799 933 767 329 385 889 649 311 167 789 641 121 223 329 141 549 477 575 287 413 273 531 815
2 800 706 724 886 500 976 56 816 362 376 828 754 422 736 782 408 140 676 868 562 674 136 88 92 840 666 216 348 144 914 294 186 190 194 232 702 676 670 82 446 800 648 750 692 160 980 252 772 966 630 260 796 436 542 390 154 164 770 496 164 614 66 972 584 414 368 892 710 914 802 956 266 130 108 838 960 142 564 278 454 750 134 6 848 162 348 626 42 952 886 268 590 38 132
837 357 311 851 299 793 561 257 757 971 639 493 329 229 631 673 551 811 973 217 363 133 115 779 949 989 665 231 819 901 77 707 549 447 381 221 209 301 577 429 999 65 263 509 327 299 597 425 349 569 419 519 403 373 685 313 549 469 153 765 297 611 511 285 963 229 747 535 453 823 581 493 629 471 775 593 925 875 359 213 185 573 925 507 627 175 565 489 101 9 345 791 949 49 149 927
434 324 704 434 418 300 82 236 536 732 472 220 618 578 238 472 574 374 540 686 402 142 820 328 566 876 518 104 816 570 716 62 664 790 298 398 876 382 26 20 902 534 290 110 880 368 150 208 720 522 758 626 478 904 896 308 104 944 488 894 856 326 570 136 600 836 694 646 676 186 578 876 670 46 714 998 638 184 802 694 936 880 438 104 576 158 784 390 250 122 526 866 36 494 612 86 932
487 439 899 813 363 955 439 95 431 929 609 753 681 827 195 655 463 55 921 919 343 723 957 951 477 679 611 997 401 87 507 439 497 959 689 941 685 553 341 165 101 627 425 769 443 217 221 167 341 253 451 487 331 723 657 117 435 213 301 45 261 669 55 739 583 519 569 59 839 247 393 453 87 25 911 83 113 231 431 129 413 927 205 109 355 869 725 981 127 179 823 595 427 879 57 881 489 757
78 488 120 60 530 12 262 922 56 610 944 906 536 812 456 690 746 440 940 928 290 46 696 936 338 972 10 952 62 868 46 454 322 176 386 878 596 838 192 716 722 750 172 512 948 724 520 722 586 132 560 250 556 998 390 650 584 288 156 556 6 84 688 536 588 794 444 490 472 388 122 124 306 976 720 626 790 954 844 254 390 902 944 130 256 266 222 724 350 834 514 48 702 594 412 24 562 94 476
383 969 927 33 429 37 21 701 833 679 83 191 29 539 103 347 905 439 663 211 297 587 997 15 411 797 665 725 445 113 83 559 35 665 825 825 373 373 801 405 203 497 955 719 263 581 349 651 761 173 283 807 247 243 719 23 91 765 623 573 409 665 323 453 283 143 239 497 425 23 365 241 565 323 497 375 873 407 133 661 87 589 903 743 127 229 59 83 227 959 319 481 357 623 283 615 465 31 761 663
